apple,1,0,1,1,1,1,0,0,1,1,0,1,0,1,1,0,0,0,0,0,1,0,1,1,0,0,0,1,1,1,1,0,0,0,1,1,1,0,1,0,1,1,1,1,0,1,0,0,1,0,1,0,1,0,0,1,0,0,0,1,1,1,0,1,0,1,0,1,1,1,0,1,0,1,0,1,0,0,1,0,1,0,0,0,0,0,1,1,0,1,0,0,0,0,1,0,0,0,0,1,
orange,1,0,0,0,1,1,1,0,1,0,0,0,1,0,0,1,1,1,0,1,0,1,1,1,1,1,1,1,1,1,1,0,1,1,0,1,0,1,1,0,0,1,0,1,1,1,0,0,0,1,0,1,0,1,0,1,0,1,1,1,1,0,0,0,1,0,1,0,0,0,0,0,1,0,1,1,1,1,1,0,0,1,1,0,1,1,0,1,0,1,1,1,1,1,0,0,1,1,0,1,
toothpaste,0,0,1,1,1,0,0,0,0,0,0,0,1,1,1,0,0,1,0,1,0,1,0,1,0,0,1,1,0,0,1,0,0,0,1,1,1,0,0,1,0,0,1,1,0,0,0,0,1,0,1,1,1,0,0,1,0,0,0,0,0,1,0,0,0,0,0,1,0,0,0,0,0,1,1,0,0,1,1,1,1,0,1,0,0,1,1,1,1,0,1,1,1,0,0,1,0,0,0,0,
toothbrush,0,0,0,0,0,1,1,0,1,0,1,0,0,0,1,1,0,0,0,1,0,1,1,0,1,1,1,1,1,0,1,1,0,1,1,0,1,0,0,0,0,0,0,1,0,1,0,0,0,0,0,0,1,1,0,1,0,0,0,1,0,0,0,0,1,1,1,0,0,1,0,0,1,1,1,0,0,1,0,0,1,0,1,1,1,1,0,1,1,0,0,1,0,0,0,0,0,1,0,0,
toothbrush,0,1,0,0,0,0,0,0,1,0,1,1,1,0,0,0,1,0,0,1,0,0,0,1,1,0,1,1,1,1,1,0,0,1,0,0,1,0,1,1,0,0,0,1,0,0,0,1,0,0,0,0,0,1,1,1,1,0,0,1,0,1,1,0,1,1,1,0,1,0,1,1,0,1,1,0,1,1,1,1,1,0,0,1,1,1,1,0,0,1,1,0,1,0,0,0,1,1,0,0,
teacup,1,0,0,1,1,1,1,1,0,1,0,1,1,0,0,0,0,1,0,0,1,0,0,0,0,0,0,0,0,0,0,1,0,0,1,0,1,0,1,1,1,1,0,0,0,1,0,0,0,1,0,1,1,0,1,1,0,1,1,0,0,0,0,0,0,1,0,0,1,1,1,1,1,0,1,1,1,0,1,1,1,1,1,0,1,0,1,1,0,1,0,0,1,0,0,1,1,1,1,0,
tea,0,1,1,1,1,1,0,0,1,1,1,0,0,0,0,1,1,1,1,1,0,1,1,1,1,1,1,0,0,0,0,1,1,0,0,0,1,1,0,0,0,0,0,1,0,0,0,1,1,1,0,0,0,1,1,1,1,0,1,1,1,0,0,0,0,1,1,1,0,1,1,0,1,1,1,0,1,0,1,0,1,0,0,0,1,0,1,0,0,1,0,1,1,0,0,1,1,1,0,1,
iphone,0,1,0,0,0,1,0,1,1,1,1,1,1,0,1,1,0,0,1,0,1,1,0,0,0,0,1,1,1,1,1,1,0,1,1,0,0,1,1,0,1,1,1,0,1,0,1,1,0,1,1,0,0,1,0,0,1,0,0,0,1,1,0,0,0,1,0,0,1,0,0,0,1,1,0,0,1,0,1,0,1,0,0,1,0,0,0,1,0,0,0,0,1,0,0,1,1,0,1,0,
headset,0,0,0,1,1,1,1,1,1,0,1,0,1,1,1,1,1,1,0,0,1,0,0,0,0,0,1,0,0,1,0,1,1,1,0,0,0,0,1,1,0,0,1,1,1,0,0,1,0,1,1,1,1,1,0,0,1,1,0,1,0,0,0,1,1,1,0,1,1,1,0,1,0,1,1,1,0,1,0,0,0,1,1,0,0,1,0,1,1,0,1,1,0,1,1,0,0,1,1,1,
postcard,0,0,1,0,1,0,0,1,1,0,1,0,0,1,0,0,0,0,0,1,0,1,1,0,0,0,0,1,1,0,0,1,0,1,0,1,1,0,1,1,0,0,1,0,1,1,1,0,1,1,1,1,0,0,1,0,0,0,1,1,0,0,1,0,1,1,1,1,1,0,0,1,1,1,0,0,0,1,0,1,0,0,0,0,0,1,0,1,1,0,0,1,0,1,1,1,0,1,0,1,
stamp,1,0,1,0,1,1,1,1,0,1,0,0,1,0,0,0,0,0,1,1,0,1,1,0,1,0,0,1,1,0,1,1,1,0,1,0,1,0,0,1,0,0,1,1,1,1,1,1,1,0,0,0,0,1,0,1,0,0,0,1,1,1,0,0,1,0,0,0,0,0,1,0,1,0,0,0,1,1,1,1,0,1,1,0,1,1,1,1,0,1,0,1,1,1,1,0,1,1,1,1,
tablecloth,0,0,0,1,1,0,1,0,1,0,1,1,1,0,1,0,0,0,1,0,0,0,1,1,1,0,1,0,1,0,1,1,1,1,0,0,1,1,0,1,1,0,0,1,0,0,1,0,0,1,0,0,1,1,1,0,1,1,0,1,1,1,0,0,1,1,0,0,0,1,1,0,1,0,1,1,0,0,0,0,1,0,1,0,0,0,0,1,1,0,0,1,0,1,1,1,0,0,1,0,
poker,1,1,0,0,1,1,1,1,0,1,1,1,0,0,0,0,1,0,1,0,1,0,1,1,1,1,0,1,1,1,1,0,0,0,0,1,1,1,0,1,1,0,1,1,0,1,1,1,1,0,0,0,0,1,1,1,0,1,0,1,1,0,1,1,0,1,1,1,1,1,1,0,1,0,1,0,1,0,1,0,0,1,1,1,1,0,0,1,0,1,1,1,1,0,0,1,0,1,0,1,
towel,1,1,1,0,1,0,0,0,0,0,1,0,1,0,1,0,0,0,0,0,1,1,1,0,1,0,1,1,1,1,0,0,1,1,1,0,1,1,1,1,1,0,0,1,0,1,1,0,1,1,1,0,0,0,0,0,0,1,1,0,1,0,0,0,1,1,0,1,1,1,0,0,1,0,1,1,0,1,0,1,0,1,0,1,1,0,1,0,0,0,0,1,0,0,1,0,0,1,1,1,
basin,1,1,1,0,0,1,0,0,0,0,1,0,1,1,1,0,0,0,0,0,1,0,1,1,1,0,1,1,1,0,0,0,0,1,1,0,0,1,0,0,1,1,1,0,1,0,0,1,1,1,1,0,1,0,1,0,0,1,1,1,1,1,0,1,1,1,1,1,0,1,0,1,1,1,1,0,1,1,1,0,0,0,0,0,0,0,0,0,1,0,1,0,1,1,0,0,0,1,0,0,
banana,1,0,1,0,1,0,0,0,0,1,1,0,1,1,0,1,1,1,1,0,1,0,1,0,0,1,1,0,0,1,1,1,1,0,1,0,1,1,0,1,0,1,1,1,1,0,0,0,1,1,1,0,0,0,0,0,1,1,0,1,0,1,1,1,0,0,1,1,0,0,0,0,1,1,0,0,1,0,1,0,0,0,0,0,0,1,0,1,0,0,0,1,0,1,0,0,0,0,1,0,
fish,0,1,0,1,0,0,0,0,1,1,0,1,1,1,1,1,0,1,0,0,1,0,1,1,0,0,1,0,0,0,0,0,1,0,1,0,1,1,0,0,0,0,1,1,1,0,0,1,1,0,0,0,1,1,0,1,1,1,1,1,0,1,1,1,1,1,1,0,0,1,0,1,0,1,0,1,1,1,1,0,1,1,1,0,0,1,1,0,0,0,1,0,1,1,0,1,0,1,1,0,
pork,1,0,1,1,1,0,0,1,1,1,1,0,0,0,1,1,1,0,1,0,1,0,0,0,1,0,1,1,0,1,0,1,1,1,0,0,1,0,1,0,0,1,1,0,1,0,1,1,0,0,1,1,1,1,0,0,0,1,0,0,0,0,1,1,1,1,0,1,1,1,1,1,0,0,0,0,0,1,1,1,0,0,0,1,1,0,1,1,0,1,1,0,1,0,0,1,1,0,0,1,
chicken,1,1,0,0,0,0,0,0,0,1,1,0,1,0,1,0,0,0,0,0,0,1,1,1,0,1,0,1,1,0,0,0,0,1,0,0,1,0,0,1,1,0,1,0,0,0,1,0,1,1,1,1,0,0,0,0,1,1,0,0,1,0,0,1,1,1,1,1,1,0,0,1,0,0,1,0,0,0,0,1,1,1,0,0,1,1,0,0,0,0,0,1,1,1,1,0,0,0,1,1,
beef,0,0,0,0,0,0,0,0,0,1,0,0,0,0,0,0,1,0,0,1,1,1,1,0,0,0,0,0,0,0,1,1,0,0,1,0,0,0,0,0,1,0,0,1,1,0,1,0,1,0,0,0,1,1,0,1,1,0,1,1,0,0,0,0,0,0,0,0,0,1,1,1,1,1,0,0,0,0,1,1,0,1,1,1,0,1,0,1,1,1,0,0,1,1,0,0,1,1,0,1,
milk,0,1,0,1,1,0,0,1,0,1,0,0,0,1,1,0,0,1,1,1,0,1,1,0,0,0,0,1,1,0,0,1,0,0,0,1,1,0,0,1,1,0,0,1,1,1,1,1,1,0,0,1,0,0,1,0,0,1,0,1,0,0,0,0,1,0,1,0,1,1,1,0,1,1,0,0,1,1,1,0,0,1,1,0,1,1,0,1,0,0,0,0,1,0,0,0,1,1,0,0,
dustercloth,0,1,0,1,1,0,1,0,0,0,0,0,0,1,0,1,0,0,1,1,1,1,1,0,0,0,0,1,1,0,1,0,1,1,1,0,0,1,0,0,1,0,0,1,0,0,1,0,0,0,1,1,1,1,1,1,1,1,0,0,1,1,0,1,1,0,1,1,1,0,1,0,0,1,0,0,1,1,1,1,1,0,1,0,1,0,0,0,0,0,1,1,0,1,0,1,1,0,0,0,
corn,0,1,1,0,0,1,1,1,0,0,0,1,0,1,1,0,0,1,0,0,0,1,1,0,1,0,1,0,0,1,1,0,0,0,0,0,1,1,1,1,1,1,0,0,1,1,0,1,1,0,1,1,0,0,1,1,0,0,1,0,1,0,0,1,0,1,1,1,0,0,0,0,1,0,0,0,0,0,1,1,0,0,0,0,1,1,1,1,1,1,0,0,1,0,1,0,1,0,1,0,
pill,0,0,0,1,0,0,0,0,0,1,1,0,0,1,1,1,0,0,0,1,1,0,1,1,1,0,1,0,0,0,0,0,0,0,0,1,0,0,1,0,1,1,1,1,0,0,0,1,0,1,0,0,1,0,1,0,0,0,1,1,0,1,1,1,0,1,0,0,1,1,1,1,0,0,0,1,0,1,0,0,0,0,0,1,0,1,0,1,1,1,0,0,0,1,1,0,1,1,1,0,
